[Variables]
ercf_calib_0 = 1.0
ercf_calib_1 = 1.00172305429
ercf_calib_2 = 1.00013301769
ercf_calib_3 = 1.00172305429
ercf_calib_4 = 1.00491834313
ercf_calib_5 = 1.00172305429
ercf_calib_6 = 1.00491834313
ercf_calib_7 = 2.97209340163
ercf_calib_ref = 541.261336

